0.00000 1.00000 2.00000 3.00000 4.00000 5.00000 6.00000 7.00000 8.00000 9.00000 10.00000 11.00000 12.00000 13.00000 14.00000 15.00000 16.00000 17.00000 18.00000 19.00000 20.00000 21.00000 22.00000 23.00000 24.00000 25.00000 26.00000 27.00000 28.00000 29.00000 30.0000
0,59652	0,75422	0,80012	0,82725	0,84165	0,8621	0,87537	0,87926	0,89687	0,90045	0,90409	 0,89649  0,91059   0,90326   0,90586  0,91424	0,9149	0,91305	0,91084	 0,91486   0,92372  0,91772  0,91365	0,92461	0,92101	0,92345	0,90454	 0,92071  0,9082   0,92684   0,93431
0,59321	0,73504	0,7747	0,80187	0,8088	0,82781	0,83506	0,84248	0,85731	0,86117	0,86199	 0,86102  0,86959   0,87392   0,87471  0,88015	0,88577	0,88452	0,879	 0,88777   0,89244  0,89045  0,88296	0,89136	0,89189	0,89519	0,87974	 0,89569  0,88399  0,90268   0,91662

m		0,923429739	0,9395	0,9079
do		0,904793039	0,9203	0,8898
mo		0,899330609	0,9073	0,8915
f		0,886270189	0,9037	0,8695
du		0,580893932	0,6934	0,4998
r		0,45472767	0,6787	0,3419


F1 Avg. 86,84787
